1364
1364
2087
2087
2849
2850
2850
1244
1244
876
876
6666
6666
2736
2736
2737
2737
2738
2738
2739
2739
2740
5046
5046
5047
5047
5048
5048
5049
5049
5755
5756
5756
2531
2531
2532
2532
2533
7939
7940
7940
7941
7941
7942
7942
5904
5905
5905
5906
5906
5907
6992
6992
6993
6993
6994
6994
6995
6995
2711
2711
2712
2712
5834
5834
5835
6374
6374
8024
8025
8025
8026
8026
8096
8096
8097
8097
8098
1147
1148
1148
1149
1149
1150
1150
2252
2253
6637
6637
3987
3987
6563
6563
4421
4421
2808
2808
2809
2809
2810
2810
2811
1774
1774
5163
5607
5607
5608
5608
6800
6800
6801
6801
6802
2085
2085
2086
5048
5048
5049
5049
5050
6152
6153
6153
6154
6154
6155
2196
2196
2197
5368
5369
5369
5370
5370
5402
5403
5403
1349
1349
1350
1350
1351
1351
7459
7460
7460
7461
7461
7462
7462
7463
7164
7164
5511
5512
5512
5513
5513
7605
7605
7606
984
984
8144
8144
8145
8145
8146
8146
4844
3259
3259
5756
5757
5757
3686
3686
3687
3687
7786
7786
316
317
317
318
318
319
319
320
5778
5778
4746
4746
5477
5477
5478
6615
6615
6616
6616
1315
1315
676
676
3316
3316
3641
3641
3642
3642
3643
3643
3644
3644
2412
2412
2413
2413
2414
4327
4327
2888
2888
2889
2889
2890
2890
2891
2809
2809
4649
4650
4650
4651
4651
4652
3196
3196
7669
5974
5974
5975
5975
5780
5781
5781
5782
5782
5783
7696
7697
7697
7698
7698
7699
7699
7700
7700
3385
3385
4725
4726
4726
4727
4727
4728
4728
1085
1086
6750
6750
6778
6778
4044
4044
4045
5272
5272
5819
5819
4357
4357
4358
4358
3050
3050
3051
3051
3062
3062
4652
4653
4653
4654
4654
4655
56
56
30
30
582
582
583
583
584
584
392
392
5044
4886
4886
4887
4887
4888
4888
7180
7180
7181
7181
7182
4287
4288
4288
4289
691
691
3921
3921
3922
3922
3923
3923
3924
3924
3925
1899
7250
7251
7251
7252
7252
7253
7253
7254
710
710
711
711
712
712
713
713
714
2171
2171
2172
2172
2173
2173
2174
2174
1348
1348
1864
1864
1865
1865
646
6869
6870
6870
6871
6871
6872
2334
2334
6923
6923
7493
7493
5888
8172
8172
8173
8173
8174
39
40
3436
3436
3437
6728
6728
2444
2444
4821
4822
4822
4823
4823
4275
4275
4276
4276
4277
4277
2968
3941
516
516
517
517
518
518
519
5953
5954
5954
5955
5955
7692
7692
7693
7693
4376
4376
5087
5088
5088
5089
5089
4059
4060
4060
4061
4061
4062
4062
7934
7935
7935
7936
5471
5471
5472
5472
5473
6526
6527
6527
6528
6528
1899
1900
1900
1901
1901
6229
6846
6846
6847
6847
6848
6848
6849
6849
5340
5341
7310
7310
7311
7311
7312
868
869
869
870
870
871
871
872
5827
5828
5828
7181
7182
7182
7183
7183
7184
4059
4059
5544
5544
3666
3666
3021
3021
2294
2294
1292
1292
1293
1293
1294
1294
1295
4016
4016
4017
4017
4018
944
945
945
946
946
947
7794
7794
7795
7795
7796
7796
7797
7797
7798
92
93
93
94
94
95
95
3442
4860
4860
4861
4861
4862
4862
4863
5756
5756
8016
8017
8017
8018
8018
8019
7562
7562
6004
6004
6005
6005
6006
6006
6007
5431
5431
1064
1064
3202
3202
5752
5752
5753
5753
6438
6438
4225
4225
7264
7264
6790
6791
6791
6792
6792
6793
6793
6794
6794
4127
4127
4128
4128
4129
1972
1973
1973
1974
1974
1975
7741
7742
7742
7743
7743
7744
3459
3460
3460
3461
3461
3462
7360
7361
7361
7362
7362
7363
7363
7364
7364
5610
5611
5611
5612
3972
3972
3973
5211
5211
7871
7872
7872
7873
13
14
14
15
4379
4379
4287
4287
4288
4288
5246
4589
4589
2513
2514
1938
1938
1939
1939
4806
4806
3271
3272
3272
3273
3273
5509
5509
7466
7466
7467
7467
7940
7940
7941
7941
7942
2256
2256
3462
3463
3463
3464
3464
3465
2244
2244
5649
5649
5650
5650
5651
5651
5652
5652
888
888
889
889
890
890
1754
1754
3693
3693
5888
5889
5889
5890
5890
5891
5891
5892
5892
4107
4107
4108
4108
4109
4109
4110
4110
6189
6189
3569
3569
2677
7382
7383
7383
7384
7384
7385
7385
5256
5256
7276
7276
175
175
3576
3576
6470
6470
6471
6471
6472
2555
2555
6961
6961
1349
1349
1350
1350
1351
1351
1352
2361
2361
2362
7258
7259
7259
7036
7036
2322
2323
2323
2324
2324
2325
2325
2326
2326
3078
3078
7751
7751
7752
5912
5912
5913
5913
2528
2529
2529
2530
2530
2531
2531
2532
217
217
7305
7306
7306
7307
7307
7308
6565
6566
6566
6567
6567
6568
1755
1756
1756
1757
1757
1758
1758
1759
1759
2607
2607
5655
5655
4674
4674
7556
7557
7557
7558
7558
7559
7559
135
135
2591
2591
3617
6892
6892
6893
6893
6894
6894
6895
6895
4415
4415
4416
4416
3536
3536
5234
5234
4871
4871
4872
4872
4873
4873
4874
4874
4913
4914
4914
4915
4915
4916
4916
1311
2578
2579
2579
2580
2580
3604
3157
3157
2388
2388
2389
2389
2390
2390
2391
2391
2392
4776
4776
4777
4777
4778
4778
809
809
1534
1535
1535
1536
1536
1537
1537
1538
1538
1745
1746
1746
1747
2294
2436
2437
2437
2438
2438
2439
3794
3794
3276
3277
3277
7770
7770
6155
1482
1482
1483
1483
5010
5011
5011
5012
5012
5013
5013
5014
5014
3975
3975
3976
3976
3977
3977
3978
5625
5626
5626
5627
5627
5628
5628
5540
5540
5541
5541
5542
2108
2108
1833
1834
1834
1835
1835
1836
1836
3825
3826
3826
3827
3827
3828
3828
3829
4471
4471
4274
4274
4275
4275
4276
4276
3403
3403
664
665
665
666
666
667
667
668
668
1691
1692
1692
1693
1693
4986
4986
6124
6125
6125
6126
6126
3778
3778
216
5564
5564
5565
5565
5566
5566
4075
4075
7180
7180
5961
5961
3871
3871
3920
3920
3921
3921
3922
3922
3923
3923
3924
1157
1157
7769
7769
4536
4536
3336
3336
3337
3337
3159
3159
3160
3160
253
254
254
255
255
256
256
257
257
2201
2202
2202
3786
3786
3794
3794
3795
3795
3796
3796
3797
4142
4142
1055
1055
7378
7378
4610
4611
4611
5870
5870
5871
5871
5872
5823
5823
7122
7122
6187
6187
2385
2385
4882
4883
4883
4884
4884
4885
1568
1568
577
577
578
578
579
7193
7194
7194
7195
8105
8105
8106
8106
8107
8107
1239
1239
1240
4732
4733
4733
4734
4734
4735
3270
3270
3271
3271
3272
3276
3276
3277
6587
6588
6588
4452
4452
4453
4453
4510
4511
4511
4512
4512
4513
4513
4514
4514
2466
2466
2467
2467
6920
7142
7142
1905
1905
1642
1642
1643
1643
1644
1644
4596
4596
8160
8160
8161
8161
8162
8162
8163
4432
4433
4433
4434
4434
4697
4698
4698
4699
4699
3199
3199
7377
7377
6208
6209
6209
6210
7918
3357
3357
7428
7428
7429
7429
7826
7826
6742
6742
3504
3504
2643
2643
5207
5208
5208
5209
5209
5210
5210
5211
2727
2727
935
935
7930
7930
6710
6710
6466
6466
4694
4694
4695
4695
4696
7731
7731
2370
2371
2371
2372
2372
2373
2373
5331
5332
876
876
877
877
878
878
879
3076
3077
3077
3078
3078
3079
3079
269
269
270
1568
1568
1569
116
116
117
117
118
4760
4760
4880
4881
4881
1586
1586
4355
4356
4356
4357
4357
6485
6485
5431
5431
5432
5432
220
220
8125
8125
6941
6941
5567
5567
7939
7940
7940
7941
7941
7942
2087
2551
2551
5796
8162
8162
8163
8163
8164
8164
8165
2615
2615
2616
2616
2617
2617
3779
3779
6640
6640
6052
6053
6053
6054
6054
6055
6055
3640
3640
4605
4605
6439
6439
4279
4279
3442
3443
3443
3444
3444
6416
6416
6417
6774
6774
6775
6775
6776
6776
6777
6777
6778
2157
2158
2158
2159
2159
7949
7949
1589
1589
165
166
166
167
4510
4510
4511
4416
4416
3536
3536
3537
3537
3538
3538
3539
3110
3110
3111
3111
3112
3112
3113
3145
3145
2617
2618
2618
2619
7491
7491
7492
7492
2738
2739
2739
2740
2740
2741
2741
2240
2240
4601
4601
2171
2171
2172
2172
2173
2173
4949
4949
6630
6630
7499
7499
994
994
849
850
2449
2449
2450
2450
2451
2451
802
802
803
803
804
4359
4360
4360
4361
4361
4362
4362
4363
4363
3374
3374
4704
4704
165
165
166
166
167
4510
3650
3651
3651
3652
3652
4411
4411
5854
5854
5855
5855
5856
5856
4064
4065
4065
1430
1430
1431
1431
1432
490
490
7627
7627
4488
4488
4489
4489
5393
5393
5394
5394
3198
3198
7298
7298
7299
7299
7300
7300
7301
716
716
2294
2294
4541
4541
7385
7385
776
776
777
777
778
778
779
779
780
5015
5015
4549
4549
4550
4550
4551
4551
4843
4843
31
32
32
33
33
66
66
7915
7915
2759
2759
2760
2760
2761
2761
2762
2762
2614
5863
5863
5418
5418
5188
5189
5189
5190
5190
5191
5191
5192
5192
542
542
4292
4292
8104
8105
8105
8106
8106
8107
5205
5205
1222
1222
1888
1889
512
512
513
513
514
3874
3875
5319
5320
5320
5321
5321
5322
5322
6714
6714
5596
5596
5597
5597
4453
4453
3876
3876
7734
7735
1369
1369
1370
1370
1371
1371
1372
3695
3696
3696
3697
3697
5871
5872
5872
2906
2906
2907
2907
2908
154
154
6364
6364
6365
6365
6366
6366
6541
6541
3161
3161
3162
3162
3163
3163
1952
1952
1953
3718
3718
5698
5698
5699
5699
5700
5700
5701
1574
1574
5669
4744
4744
4745
4745
4746
6067
6067
6068
6068
6069
6069
7383
7383
7384
7384
7385
7385
7386
7710
6063
6063
5527
5527
5528
5528
5529
6647
6647
1844
1844
1845
1845
1846
1846
1847
1847
7005
7005
5063
5063
2487
2488
2488
2489
2489
2924
2924
7211
7212
7212
7213
7213
4799
4799
4800
4800
4801
4801
4802
4802
2760
2834
2834
4143
4143
365
365
1830
1830
3548
3548
5958
5958
5959
5959
5960
5960
5961
5961
7701
7701
7702
5740
5740
5741
5741
7807
7807
7808
3826
3826
3827
3827
3828
6025
6025
3837
3838
3838
3839
3839
3840
7084
7085
7085
7086
7086
1386
1386
1387
1387
1388
1388
2536
3190
3191
3191
3192
3192
3193
3193
3194
1635
1635
6626
6626
7310
7310
5896
5896
5503
5503
1973
1974
1974
1975
1975
1976
2553
2553
2554
2554
2555
2055
2056
2056
2057
2057
5056
5056
5057
5057
5058
5058
7556
7556
7629
7629
829
829
837
837
7450
7450
7451
7451
7452
7452
7453
7452
980
980
7895
7895
5450
5451
5451
5452
5452
5164
5165
5165
870
870
871
871
872
6656
6656
6657
6657
6658
6658
1338
4902
4902
3652
3652
648
649
649
650
650
651
651
7643
7643
361
361
4006
4006
7983
7983
7984
7984
1339
1339
1340
1340
1307
1307
4695
4695
4035
4035
5529
5529
5530
5530
5531
2080
797
797
798
798
799
799
4052
4053
4053
4054
4054
4055
4055
2444
2444
7063
7064
7064
7065
7065
7066
7066
7067
7067
2031
2031
2032
2032
2033
6302
6302
1373
1373
1588
3806
3806
3807
3807
3808
3808
3809
3680
3680
3040
3041
3041
3042
3042
386
386
387
387
388
388
389
3530
3530
7089
7089
7090
6802
6802
6035
6035
6036
6036
6037
6037
6806
6806
7726
7726
3569
3570
3984
3984
3985
2583
2583
2881
2881
6057
6057
6058
6058
188
3279
3279
3280
3280
3281
3281
2514
2514
4709
4709
4710
4710
4711
4711
4712
4712
6323
6323
6324
6324
6325
7272
7272
7273
7273
7274
7274
8106
8106
8107
8107
8108
8108
8109
5598
5598
5599
5599
5600
5600
5601
5601
5494
3718
3718
7381
7382
7382
7383
7383
7384
7384
7385
7385
6136
6137
6137
6138
6138
1488
1488
1489
1489
6923
6923
3060
3060
1020
1020
1021
4720
4720
4721
4721
7532
7533
7533
4760
4760
2436
2436
6684
5387
5387
5388
5388
978
979
979
980
980
981
2840
2841
2841
2842
2842
2843
2843
2844
4219
4219
6347
6347
6348
6348
6836
6085
6085
6086
6086
6087
6087
6088
6088
219
219
220
220
221
221
222
222
223
243
244
244
245
245
623
623
624
624
3407
3407
3408
6794
6794
6795
6795
6796
6796
5039
5039
7383
7384
7384
7385
7385
7386
7386
7387
7387
1587
1587
1588
1588
1589
8096
8096
8097
3523
3523
1118
1118
1903
1903
7886
3196
3196
3197
3197
829
829
5149
5150
5150
5151
5151
5152
5152
5153
5153
1876
1877
1877
1878
1878
1879
1879
6912
3534
3534
2338
2339
2339
2340
6207
6207
6208
6208
7111
7112
7112
7113
7113
7114
2133
2134
2134
2135
2135
2136
3239
3240
3240
3241
3241
3242
3242
3243
3243
2710
2711
2711
2712
2712
3670
3670
3671
2548
2549
2549
2550
2550
5902
5903
5903
5904
5904
5905
5905
4707
4707
6894
6894
1734
1734
1735
1735
7579
7579
7580
7580
4585
4585
5540
5540
5541
5541
5542
5551
5551
5552
5552
5553
5553
5554
2727
2727
3953
3953
2359
2359
88
88
2673
2673
318
318
7415
7416
7416
7168
7169
2124
2952
2952
2953
2953
2954
2954
2955
7500
7501
7501
1780
1780
1781
1781
1782
1782
4263
4263
4264
4264
4265
4265
363
1775
1775
4794
4795
4795
4796
4796
4797
5561
5562
5562
5563
5563
5564
5564
5565
7264
7265
7265
6271
6272
6272
188
188
5848
5848
5849
5849
4116
1208
1208
1209
1209
1210
1210
3398
3398
3399
362
362
363
363
364
364
365
365
366
7074
7075
7219
7219
7220
8091
8091
6208
6208
1703
1703
7835
7835
5302
5303
3964
3964
3965
3965
7700
7700
3990
3990
3077
3077
3642
3642
162
162
163
163
164
164
165
6560
6560
962
963
963
964
964
965
965
966
966
4042
4042
6253
6254
6254
6255
6255
3672
3672
3673
3673
6081
6082
6082
6083
6083
1831
491
491
492
492
3289
3289
3290
3290
3291
3291
81
81
520
602
602
603
603
604
604
3960
3960
163
163
5494
5495
5495
5496
5496
5497
2570
2570
323
323
5076
3702
3702
3703
3703
3704
3704
3606
6076
6076
6077
6077
5343
5343
2253
2253
7001
7002
7002
7003
3562
1430
1430
6678
6678
2958
2958
832
832
2948
2949
2949
2950
2950
2951
2951
2952
239
4120
4120
5138
5139
5139
5140
5140
5141
523
2936
2936
2937
2937
2938
2938
2939
2939
3317
3318
3318
3319
3319
3320
3320
7497
7498
7498
7499
7499
7500
4070
4070
4071
603
604
604
605
605
606
1639
1640
1640
1641
1475
1475
1476
1476
993
993
994
994
995
5116
8173
8173
8174
8174
8175
8175
8176
8176
2576
2576
3767
3767
5817
5818
5818
5819
5819
5237
5237
5238
5238
5239
5239
2132
2132
4084
4084
4085
4085
4086
2094
2095
2095
2096
2096
4976
4976
4977
4977
483
483
484
484
485
5655
5655
5201
5202
5202
5203
5203
5204
5204
7830
5153
5154
5154
5155
5155
6024
6024
3505
3505
3757
5076
5076
5077
5077
5078
3816
3816
3817
3817
3818
3818
617
617
4439
4439
902
5642
5642
5643
5643
5644
5644
5645
274
275
275
5560
5560
5561
5561
2334
2335
2335
2336
2336
2337
4790
4791
4791
4792
4792
3300
3301
3301
3302
3782
3782
491
492
492
493
493
4984
4984
4985
4985
7663
7663
7664
7664
6046
6046
7704
7704
7705
7705
4996
4996
4997
4997
4998
138
139
139
140
140
141
6461
6461
6462
6462
6463
6463
6464
5652
5652
3738
7884
7884
7885
7885
7886
7886
1129
1130
1130
1131
1131
1132
1132
1133
2841
2842
2842
2843
2843
5560
5560
5561
5561
6487
6487
4358
4358
5077
5077
5078
3056
3056
3057
3057
2757
2758
2758
2759
2759
2760
2099
2099
2100
2100
2101
2173
2173
2174
3063
3063
3064
3064
3065
3065
3066
5777
5777
5063
5063
5238
5238
5564
5564
781
781
2620
2620
2601
2601
6098
6098
4939
4939
5499
5499
6460
6460
6461
6461
6462
6462
6463
5203
1727
1728
1728
1729
1729
1730
1730
4389
4389
2418
2418
4674
4674
4675
4675
4676
4676
4677
4677
3316
3316
3262
3262
3263
3263
3264
3264
3265
3265
3266
4580
4580
4020
4020
4021
5982
5982
5983
6980
6980
3130
3130
3131
3131
5474
5474
5773
5773
8086
8086
1138
1138
1139
1139
1140
1140
1141
7407
7407
7408
7408
1634
1634
6715
6715
6716
6716
6717
6717
6718
2555
1733
1733
2085
2086
5048
5048
5049
569
570
570
571
571
2834
2834
2835
2835
4118
4118
6166
6166
6167
6167
6168
3720
3720
2728
2728
7159
7160
7160
7161
7161
7162
7162
7163
1358
1358
3827
3827
3828
3828
3829
3829
3830
3830
3831
3281
3282
3282
3283
3283
3284
3284
3285
949
949
950
950
951
951
3038
3039
3039
1146
1146
1147
1147
7824
7825
7825
7826
7826
7827
7827
7828
5711
7550
7550
7551
7551
7552
7552
7553
7553
6791
6792
6792
6793
6793
6794
6794
6795
5783
5783
6874
6874
4720
4721
4721
4722
4722
4723
4723
4724
4724
1708
4103
4104
4104
4105
4105
3583
3583
4031
4031
3803
3804
3804
3805
3805
3806
3806
5782
5782
2834
2834
4059
4059
4060
4060
4061
4061
4062
4062
2052
2052
1664
1664
1665
1665
1666
1666
4896
4896
5702
5702
6265
6265
7788
7788
1729
1729
5680
5681
5681
5682
5682
5683
3652
3652
1568
1569
1569
1570
1570
1571
1998
1999
1999
2000
3652
3652
3653
3653
3654
2361
2361
2591
2591
7128
7128
7129
7129
7130
5806
5806
3216
3216
3217
3217
182
2320
2320
5293
5294
5294
5295
5295
5296
5296
5297
5297
7163
7163
7164
7164
8134
8134
5322
5323
5323
5324
5324
5325
5325
5431
5431
5432
7187
7188
3865
3865
7696
7358
7358
7359
7359
7360
7360
7361
7361
4554
4554
3389
3390
3390
3391
3391
3392
3392
3393
101
101
102
102
103
103
104
5024
5025
5025
5026
5026
5027
4770
4771
4771
4772
4772
4773
4773
289
290
290
291
1324
1324
5341
5341
5098
5098
1311
1311
130
131
131
132
132
133
4393
4393
516
516
517
517
518
518
519
2675
2675
2676
2676
2677
4058
4058
4059
4726
4726
4727
4727
4728
4728
4729
4729
1301
1301
3431
3431
4071
4071
4072
4072
7662
7662
4714
4876
4876
4877
4877
4878
4878
4879
4879
4019
8066
8066
8067
8067
8068
8068
6251
6251
6252
6252
6253
6253
2364
2365
2365
3579
3579
3580
3580
3762
3763
3763
3764
3764
3765
3765
3766
7453
7452
7452
7453
7453
7454
8066
8066
738
738
739
739
740
740
3833
3833
7221
7222
7222
7223
7223
7224
7224
3265
3266
5160
7786
7786
7787
7787
7788
7788
3753
3754
3754
3755
3755
7032
7032
7814
7814
2692
2692
6439
6439
6440
6440
6441
1467
1467
7160
7160
7161
7161
5849
5849
3570
3570
3571
3571
3572
3572
3573
994
995
995
996
996
7610
7611
7611
7389
7389
7390
164
164
165
4569
4569
4570
4570
4571
4571
1005
1006
1006
2784
2784
2785
5739
5739
5740
3640
3640
7072
7073
7073
7074
7074
7075
1475
264
264
7088
7088
6827
6827
4480
4480
4481
4481
4482
4482
4483
856
463
463
464
464
465
465
6575
6575
5421
5422
5422
5423
5423
5424
1503
1503
1504
2996
2997
2997
2998
2998
2999
2999
3000
783
783
784
784
785
785
5825
5825
5826
5826
5827
5827
5828
5828
6986
6986
8068
5148
5149
5149
5150
5150
5151
3749
3749
2109
2109
2110
2110
2111
2422
2422
2423
2423
2424
2254
2255
2255
2256
2256
2257
5905
5906
5906
5907
5907
5908
8088
8088
8089
6672
6672
3459
3459
3460
3460
3461
2264
2264
2662
2663
2663
2664
2664
5940
5509
5509
5510
5510
549
549
550
550
551
551
552
552
8115
8115
2391
2391
2392
2392
2393
284
284
352
352
6106
6107
5710
5710
5711
4541
4541
3294
3295
3295
3296
3296
3297
3784
3784
5173
5173
4550
4550
6776
6777
6777
6778
6778
5656
5656
5657
2437
2437
2438
7521
7521
7522
7522
5032
5032
5033
5033
5508
5509
5509
5510
5510
5511
5511
5512
5512
6582
6582
6583
6583
6584
6584
6585
2944
2944
2222
2222
2223
2223
2224
2224
2225
2225
2226
2902
2902
7110
7110
7111
7111
7112
7112
7113
7113
6420
6421
2722
2722
2723
6567
6567
5046
5047
5047
5048
1430
1430
1431
1431
4769
4769
6433
6434
6434
6435
6435
6436
8160
8160
88
88
3793
3793
7086
7086
3862
3862
2317
2317
2318
2318
2319
3998
3998
4728
4728
4729
4729
4730
1058
1058
2109
2110
2110
2111
2111
2112
2112
303
304
304
305
305
306
306
307
307
5692
5692
1110
1111
1111
1112
1112
1113
301
301
302
3304
3304
6256
6256
1887
1887
1888
1888
1889
512
6007
6008
6008
6009
6009
6010
7039
7039
7344
7344
7345
7345
7346
6838
6838
6839
6839
2187
2187
2188
2188
2189
2189
2190
2190
2191
3614
3614
2947
2947
1046
1047
1047
1048
1048
1049
1049
1050
1050
2235
2236
2236
2237
2237
2238
3558
3558
5729
5729
584
585
585
586
586
4288
4288
4289
7012
7012
1063
1063
968
968
7525
7525
234
235
235
236
236
237
237
238
286
286
287
287
288
7937
7937
7938
8070
8070
8071
8071
8072
8072
51
51
4989
4990
4990
4991
4991
4992
4992
4993
4993
1858
1858
1859
1859
1860
1860
1861
1926
1926
2864
2864
3393
3393
6953
6954
6954
4361
4361
4362
4134
4134
4135
4135
4136
5380
5380
5367
5367
3833
3833
3834
3834
3835
3386
3386
2547
2548
2548
2549
2549
1849
1849
5369
5370
5370
3998
3998
3999
3999
56
56
1879
1879
3358
3358
7484
7484
4220
4221
4221
4222
4222
4223
4223
6544
6544
5759
5759
1358
1358
1359
1359
1360
1360
483
483
7566
7566
748
749
749
750
750
1529
1529
4603
4603
3922
3922
150
150
7736
7736
7737
7737
6729
6729
7814
7815
7815
3365
3365
3366
3366
3367
5429
5430
5430
5431
5431
5064
5064
6137
6137
2883
2883
4080
4080
2239
2240
1544
1544
1545
1545
1546
1546
1547
4075
4075
4076
4076
4077
4077
4078
950
950
8008
8009
8009
8010
8010
8011
8011
8012
1926
1926
3138
3139
3139
3140
3140
3141
3141
3169
3169
3170
3170
3171
3171
3172
3172
3173
1140
1140
7785
7785
2673
2673
191
191
3871
3871
3872
3872
3873
2656
2656
1588
1589
1589
1590
1590
1591
1591
7998
5238
5238
2292
2292
7980
7980
7981
7981
5557
5557
1376
1376
1377
1377
1378
1378
1379
1379
98
98
99
99
100
100
101
5302
5303
1465
1465
3644
3644
3645
3645
3646
3646
3647
3647
7835
7835
7479
7479
7785
7785
5740
3640
3640
3641
3641
544
545
545
546
546
5042
4836
4836
4837
4837
4838
4838
4839
2799
2799
2169
2170
2170
4794
4794
4795
1221
1221
1222
1222
1223
3654
3654
2713
2713
7835
7835
1734
1735
1735
1736
1736
6226
6227
6227
6228
6228
6229
6229
6846
3282
3282
3283
3283
3284
3284
3285
3285
7738
7739
7739
7740
7740
5504
5505
5505
5506
5506
185
186
186
6706
994
994
995
995
6672
6672
646
647
647
648
3400
3400
3401
3975
3975
3976
3976
3977
3977
3978
2421
2421
5197
5198
2566
2566
2567
2567
2686
2686
5746
5746
2674
2674
2675
2675
2676
799
800
800
801
801
802
483
483
484
484
485
485
3395
28
29
29
30
30
31
2862
2863
2863
2864
2864
2865
2865
2866
1612
1612
1613
1613
1614
3093
3093
3094
3094
3095
3095
3708
3708
3709
3709
3710
1018
1018
4095
4096
4096
4097
4097
4098
4098
2550
6736
6736
6737
6737
6738
6738
6739
6739
779
779
5542
5542
5049
5049
5050
5050
5051
5051
1306
1306
2799
2799
3151
3152
3095
3096
3096
3097
4756
4756
237
238
238
239
239
240
4899
4899
3539
3540
3540
3541
3541
2270
2271
2271
2272
2272
2711
2711
7985
7985
5375
5375
875
875
7234
7234
7235
7235
7236
2650
2651
2651
2652
2652
2653
2653
1369
1369
2071
2071
1575
1576
5808
5808
5809
5809
5810
2085
2085
2086
2086
2087
2087
2088
2088
2089
6253
6253
3772
3772
3773
3773
3774
5918
5918
5919
5919
5920
5920
5921
5921
5922
6618
6618
3255
3255
3256
3256
3257
3257
3258
8100
8100
6064
6065
6065
6066
6066
6067
8104
8104
8105
8105
8106
7882
7882
3856
3856
3857
3857
3858
3858
6133
6133
6134
6134
6135
6135
2457
2457
3701
3701
5684
5685
5685
5686
5686
5687
5687
5688
5688
1854
1854
1855
1855
1856
1856
4692
4692
4693
4693
4694
4694
4695
4695
1385
1386
1386
1387
1387
4316
4317
4317
4318
4318
4319
4319
1517
1517
2086
2086
4767
4767
130
130
4535
4535
4428
4428
5788
5788
1715
1715
1716
1716
1717
1717
1718
303
303
468
468
6048
6048
1691
1691
1692
1692
1693
6453
6454
6454
6455
3870
3870
3871
64
64
7789
7789
5780
5780
3271
3271
3272
3272
3273
3273
5407
5407
3351
3352
3352
3353
3353
216
216
217
217
7426
7427
7427
5886
5886
5887
5887
5888
4007
4007
1384
1384
1385
1385
1386
7220
7220
380
381
381
382
382
383
383
384
3785
3785
2344
2344
2345
2345
2346
4017
4017
2367
2367
2873
2806
2806
2807
2807
2808
2808
4134
4134
793
794
794
795
795
796
2748
2748
1146
1146
7221
7222
7222
7223
7223
2574
2574
3792
3792
7431
7431
2592
2592
2593
2593
2594
2594
3050
3050
7540
1318
1318
1319
1319
1320
1320
1321
1321
6928
6929
6929
6930
6930
395
395
396
396
397
1456
1456
1457
1457
1458
1458
1219
1219
1220
5493
5494
5494
5495
5495
5496
7094
7094
5837
5838
5838
5839
5839
5840
5840
5841
217
217
218
218
219
3252
3253
4362
4362
4363
4363
4364
4364
4365
5622
5623
5623
5624
5624
1715
1716
7730
7730
7731
7731
7732
7732
8039
8040
8040
8041
8041
8042
8042
3289
3289
3290
3290
3876
3876
3877
4649
4649
6891
6892
6892
6893
6893
6894
6894
3382
3382
3383
3383
3384
5195
5196
5196
5197
5197
5198
7246
3048
3048
3049
3049
3050
6132
6132
8184
8184
8185
8185
8186
8186
8187
3398
3398
2888
2889
2889
2890
2890
2891
2891
2892
2892
8042
8042
3788
3788
3789
366
366
1650
1650
1651
1651
1652
1652
1557
1558
1558
1559
5062
5062
1440
1440
4658
4658
3642
3642
162
162
163
163
164
164
165
1321
1321
1322
1322
1323
5370
5370
5371
5371
5372
5372
1990
1990
2516
2516
2517
2517
2518
2518
2519
2333
2334
2334
2335
2335
6928
6929
6929
6930
6930
6931
2680
2680
4374
4374
4375
4375
4376
4376
5304
5305
5305
5306
5306
5307
1295
1295
3358
3358
3359
3359
3360
3360
3361
3361
3362
6683
6683
2260
2260
3750
3750
4618
4618
4619
4619
2040
2099
2100
2100
2101
2101
2102
2102
1100
1100
1587
1587
1588
1588
3806
3806
3807
2207
2207
2208
2208
2209
3996
3064
3064
8008
8008
8009
8009
8010
8010
8011
3763
3763
4419
4419
4420
4420
2958
2958
2959
2959
1478
1478
4626
4626
5561
5562
5562
5563
5563
5564
5564
5565
6324
4101
4101
3262
3263
3263
3264
3264
3265
7032
7032
7033
7033
7034
7034
3666
3666
3667
4205
4205
4602
4602
4603
4603
4604
4604
4605
4605
2339
2339
1929
1930
1930
1931
7960
7960
7961
7961
1956
1956
1957
2286
2287
2287
2288
2288
2289
216
217
217
218
218
219
219
220
220
5411
5411
5412
5412
5413
906
906
907
907
4904
1383
1383
1384
1384
1385
8022
8022
1631
1632
1632
1633
1633
1634
1634
4040
3967
3968
3968
3969
3969
3970
3970
391
391
4076
4076
4077
4077
4078
4877
4878
4878
4879
4879
4880
550
550
1194
1195
1195
1196
1196
1197
3401
3401
3402
3402
3403
3403
3404
3404
3405
2958
2958
2959
2959
2960
2960
2961
2961
2962
6396
6396
5846
5846
6489
6490
6490
6491
6491
6492
5208
5209
5209
20
20
2092
2092
2093
2093
2094
6048
6048
2776
2776
7085
7086
7086
7087
7087
7088
7351
3402
3402
3403
3403
3404
221
221
2673
2673
2739
2740
2740
2741
2741
2742
2742
26
26
7224
7224
7225
7225
7226
7226
7227
5597
5597
1996
1996
1997
688
688
3047
3047
6296
6297
6297
6298
6298
3606
3606
3607
2120
2120
2121
2121
2122
5959
5959
2845
2845
5908
5908
7353
7353
1307
1307
1308
1308
1309
1309
1310
7090
7090
7091
7091
7744
7744
7745
7745
6122
6122
6123
6123
6124
4422
4422
4423
4423
4424
367
5344
5344
4420
4420
7900
7900
5209
5210
5210
5211
5211
5212
5212
7985
7985
3321
3322
5650
5650
5651
7013
7013
8111
8111
4567
4568
4568
3300
3300
3301
3301
3302
3302
2348
2348
5332
5332
5682
5682
5683
5683
5684
6208
6208
3673
3673
3674
3674
3675
3675
3676
3676
3677
3831
3831
3832
3832
3833
7690
7690
7691
7691
7692
7692
1450
1451
1451
1452
1452
1453
2744
2744
365
365
366
366
1650
1650
1651
1651
1652
4354
4354
3471
3471
3472
6354
6354
6355
4355
4356
4356
4357
4357
4756
4757
4757
4758
4758
4759
5224
3784
3784
3785
3785
3076
3077
3077
3078
3078
4381
4381
4382
4382
4383
4383
2936
2936
160
161
161
162
162
163
163
2559
2559
8107
8107
1239
1239
1240
1240
8164
8164
1202
1202
5202
5202
3426
1904
1904
1905
1905
1906
6122
6122
6123
6123
6124
6124
6125
4544
4544
4545
4545
