340
340
39
39
801
802
802
220
220
876
876
522
522
688
688
689
689
690
690
691
691
692
950
950
951
951
952
952
953
953
635
636
636
483
483
484
484
485
771
772
772
773
773
774
774
784
785
785
786
786
787
848
848
849
849
850
850
851
851
663
663
664
664
714
714
715
230
230
856
857
857
858
858
928
928
929
929
930
123
124
124
125
125
126
126
204
205
493
493
915
915
419
419
325
325
760
760
761
761
762
762
763
750
750
43
487
487
488
488
656
656
657
657
658
37
37
38
952
952
953
953
954
8
9
9
10
10
11
148
148
149
248
249
249
250
250
282
283
283
325
325
326
326
327
327
291
292
292
293
293
294
294
295
1020
1020
391
392
392
393
393
437
437
438
984
984
976
976
977
977
978
978
748
187
187
636
637
637
614
614
615
615
618
618
316
317
317
318
318
319
319
320
658
658
650
650
357
357
358
471
471
472
472
291
291
676
676
244
244
569
569
570
570
571
571
572
572
364
364
365
365
366
231
231
840
840
841
841
842
842
843
761
761
553
554
554
555
555
556
124
124
501
854
854
855
855
660
661
661
662
662
663
528
529
529
530
530
531
531
532
532
313
313
629
630
630
631
631
632
632
61
62
606
606
634
634
972
972
973
152
152
699
699
261
261
262
262
1002
1002
1003
1003
1014
1014
556
557
557
558
558
559
56
56
30
30
582
582
583
583
584
584
392
392
948
790
790
791
791
792
792
12
12
13
13
14
191
192
192
193
691
691
849
849
850
850
851
851
852
852
853
875
82
83
83
84
84
85
85
86
710
710
711
711
712
712
713
713
714
123
123
124
124
125
125
126
126
324
324
840
840
841
841
646
725
726
726
727
727
728
286
286
779
779
325
325
768
1004
1004
1005
1005
1006
39
40
364
364
365
584
584
396
396
725
726
726
727
727
179
179
180
180
181
181
920
869
516
516
517
517
518
518
519
833
834
834
835
835
524
524
525
525
280
280
991
992
992
993
993
987
988
988
989
989
990
990
766
767
767
768
351
351
352
352
353
382
383
383
384
384
875
876
876
877
877
85
702
702
703
703
704
704
705
705
220
221
142
142
143
143
144
868
869
869
870
870
871
871
872
707
708
708
13
14
14
15
15
16
987
987
424
424
594
594
973
973
246
246
268
268
269
269
270
270
271
944
944
945
945
946
944
945
945
946
946
947
626
626
627
627
628
628
629
629
630
92
93
93
94
94
95
95
370
764
764
765
765
766
766
767
636
636
848
849
849
850
850
851
394
394
884
884
885
885
886
886
887
311
311
40
40
130
130
632
632
633
633
294
294
129
129
96
96
646
647
647
648
648
649
649
650
650
31
31
32
32
33
948
949
949
950
950
951
573
574
574
575
575
576
387
388
388
389
389
390
192
193
193
194
194
195
195
196
196
490
491
491
492
900
900
901
91
91
703
704
704
705
13
14
14
15
283
283
191
191
192
192
126
493
493
465
466
914
914
915
915
710
710
199
200
200
201
201
389
389
298
298
299
299
772
772
773
773
774
208
208
390
391
391
392
392
393
196
196
529
529
530
530
531
531
532
532
888
888
889
889
890
890
730
730
621
621
768
769
769
770
770
771
771
772
772
11
11
12
12
13
13
14
14
45
45
497
497
629
214
215
215
216
216
217
217
136
136
108
108
175
175
504
504
326
326
327
327
328
507
507
817
817
325
325
326
326
327
327
328
313
313
314
90
91
91
892
892
274
275
275
276
276
277
277
278
278
6
6
583
583
584
792
792
793
793
480
481
481
482
482
483
483
484
217
217
137
138
138
139
139
140
421
422
422
423
423
424
731
732
732
733
733
734
734
735
735
559
559
535
535
578
578
388
389
389
390
390
391
391
135
135
543
543
545
748
748
749
749
750
750
751
751
319
319
320
320
464
464
114
114
775
775
776
776
777
777
778
778
817
818
818
819
819
820
820
287
530
531
531
532
532
532
85
85
340
340
341
341
342
342
343
343
344
680
680
681
681
682
682
809
809
510
511
511
512
512
513
513
514
514
721
722
722
723
246
388
389
389
390
390
391
722
722
204
205
205
602
602
11
458
458
459
459
914
915
915
916
916
917
917
918
918
903
903
904
904
905
905
906
505
506
506
507
507
508
508
420
420
421
421
422
60
60
809
810
810
811
811
812
812
753
754
754
755
755
756
756
757
375
375
178
178
179
179
180
180
331
331
664
665
665
666
666
667
667
668
668
667
668
668
669
669
890
890
1004
1005
1005
1006
1006
706
706
216
444
444
445
445
446
446
1003
1003
12
12
841
841
799
799
848
848
849
849
850
850
851
851
852
133
133
601
601
440
440
264
264
265
265
87
87
88
88
253
254
254
255
255
256
256
257
257
153
154
154
714
714
722
722
723
723
724
724
725
46
46
31
31
210
210
514
515
515
750
750
751
751
752
703
703
978
978
43
43
337
337
786
787
787
788
788
789
544
544
577
577
578
578
579
25
26
26
27
937
937
938
938
939
939
215
215
216
636
637
637
638
638
639
198
198
199
199
200
204
204
205
443
444
444
356
356
357
357
414
415
415
416
416
417
417
418
418
418
418
419
419
776
998
998
881
881
618
618
619
619
620
620
500
500
992
992
993
993
994
994
995
336
337
337
338
338
601
602
602
603
603
127
127
209
209
64
65
65
66
750
285
285
260
260
261
261
658
658
598
598
432
432
595
595
87
88
88
89
89
90
90
91
679
679
935
935
762
762
566
566
322
322
598
598
599
599
600
563
563
322
323
323
324
324
325
325
211
212
876
876
877
877
878
878
879
4
5
5
6
6
7
7
269
269
270
544
544
545
116
116
117
117
118
664
664
784
785
785
562
562
259
260
260
261
261
341
341
311
311
312
312
220
220
957
957
797
797
447
447
771
772
772
773
773
774
39
503
503
676
994
994
995
995
996
996
997
567
567
568
568
569
569
707
707
496
496
932
933
933
934
934
935
935
568
568
509
509
295
295
183
183
370
371
371
372
372
272
272
273
630
630
631
631
632
632
633
633
634
109
110
110
111
111
781
781
565
565
165
166
166
167
414
414
415
320
320
464
464
465
465
466
466
467
38
38
39
39
40
40
41
73
73
569
570
570
571
323
323
324
324
690
691
691
692
692
693
693
192
192
505
505
123
123
124
124
125
125
853
853
486
486
331
331
994
994
849
850
401
401
402
402
403
403
802
802
803
803
804
263
264
264
265
265
266
266
267
267
302
302
608
608
165
165
166
166
167
414
578
579
579
580
580
315
315
734
734
735
735
736
736
992
993
993
406
406
407
407
408
490
490
459
459
392
392
393
393
273
273
274
274
126
126
130
130
131
131
132
132
133
716
716
246
246
445
445
217
217
776
776
777
777
778
778
779
779
780
919
919
453
453
454
454
455
455
747
747
31
32
32
33
33
66
66
747
747
711
711
712
712
713
713
714
714
566
743
743
298
298
68
69
69
70
70
71
71
72
72
542
542
196
196
936
937
937
938
938
939
85
85
198
198
864
865
512
512
513
513
514
802
803
199
200
200
201
201
202
202
570
570
476
476
477
477
357
357
804
804
566
567
345
345
346
346
347
347
348
623
624
624
625
625
751
752
752
858
858
859
859
860
154
154
220
220
221
221
222
222
397
397
89
89
90
90
91
91
928
928
929
646
646
578
578
579
579
580
580
581
550
550
549
648
648
649
649
650
947
947
948
948
949
949
215
215
216
216
217
217
218
542
943
943
407
407
408
408
409
503
503
820
820
821
821
822
822
823
823
861
861
967
967
439
440
440
441
441
876
876
43
44
44
45
45
703
703
704
704
705
705
706
706
712
786
786
47
47
365
365
806
806
476
476
838
838
839
839
840
840
841
841
533
533
534
620
620
621
621
639
639
640
754
754
755
755
756
905
905
765
766
766
767
767
768
940
941
941
942
942
362
362
363
363
364
364
488
118
119
119
120
120
121
121
122
611
611
482
482
142
142
776
776
383
383
949
950
950
951
951
952
505
505
506
506
507
7
8
8
9
9
960
960
961
961
962
962
388
388
461
461
829
829
837
837
282
282
283
283
284
284
285
284
980
980
727
727
330
331
331
332
332
44
45
45
870
870
871
871
872
512
512
513
513
514
514
314
806
806
580
580
648
649
649
650
650
651
651
475
475
361
361
934
934
815
815
816
816
315
315
316
316
283
283
599
599
963
963
409
409
410
410
411
32
797
797
798
798
799
799
980
981
981
982
982
983
983
396
396
919
920
920
921
921
922
922
923
923
1007
1007
1008
1008
1009
158
158
349
349
564
734
734
735
735
736
736
737
608
608
992
993
993
994
994
386
386
387
387
388
388
389
458
458
945
945
946
658
658
915
915
916
916
917
917
662
662
558
558
497
498
912
912
913
535
535
833
833
937
937
938
938
188
207
207
208
208
209
209
466
466
613
613
614
614
615
615
616
616
179
179
180
180
181
104
104
105
105
106
106
938
938
939
939
940
940
941
478
478
479
479
480
480
481
481
374
646
646
213
214
214
215
215
216
216
217
217
1016
1017
1017
1018
1018
464
464
465
465
779
779
1012
1012
1020
1020
1021
624
624
625
625
364
365
365
664
664
388
388
540
267
267
268
268
978
979
979
980
980
981
792
793
793
794
794
795
795
796
123
123
203
203
204
204
692
965
965
966
966
967
967
968
968
219
219
220
220
221
221
222
222
223
243
244
244
245
245
623
623
624
624
335
335
336
650
650
651
651
652
652
943
943
215
216
216
217
217
218
218
219
219
563
563
564
564
565
928
928
929
451
451
94
94
879
879
718
124
124
125
125
829
829
29
30
30
31
31
32
32
33
33
852
853
853
854
854
855
855
768
462
462
290
291
291
292
63
63
64
64
967
968
968
969
969
970
85
86
86
87
87
88
167
168
168
169
169
170
170
171
171
662
663
663
664
664
598
598
599
500
501
501
502
502
782
783
783
784
784
785
785
611
611
750
750
710
710
711
711
411
411
412
412
489
489
420
420
421
421
422
431
431
432
432
433
433
434
679
679
881
881
311
311
88
88
625
625
318
318
247
248
248
0
1
76
904
904
905
905
906
906
907
332
333
333
756
756
757
757
758
758
167
167
168
168
169
169
363
751
751
698
699
699
700
700
701
441
442
442
443
443
444
444
445
96
97
97
127
128
128
188
188
728
728
729
729
20
184
184
185
185
186
186
326
326
327
362
362
363
363
364
364
365
365
366
930
931
51
51
52
923
923
64
64
679
679
667
667
182
183
892
892
893
893
532
532
918
918
5
5
570
570
162
162
163
163
164
164
165
416
416
962
963
963
964
964
965
965
966
966
970
970
109
110
110
111
111
600
600
601
601
961
962
962
963
963
807
491
491
492
492
217
217
218
218
219
219
81
81
520
602
602
603
603
604
604
888
888
163
163
374
375
375
376
376
377
522
522
323
323
980
630
630
631
631
632
632
534
956
956
957
957
223
223
205
205
857
858
858
859
490
406
406
534
534
910
910
832
832
900
901
901
902
902
903
903
904
239
24
24
18
19
19
20
20
21
523
888
888
889
889
890
890
891
891
245
246
246
247
247
248
248
329
330
330
331
331
332
998
998
999
603
604
604
605
605
606
615
616
616
617
451
451
452
452
993
993
994
994
995
1020
1005
1005
1006
1006
1007
1007
1008
1008
528
528
695
695
697
698
698
699
699
117
117
118
118
119
119
84
84
1012
1012
1013
1013
1014
46
47
47
48
48
880
880
881
881
483
483
484
484
485
535
535
81
82
82
83
83
84
84
662
33
34
34
35
35
904
904
433
433
685
980
980
981
981
982
744
744
745
745
746
746
617
617
343
343
902
522
522
523
523
524
524
525
274
275
275
440
440
441
441
286
287
287
288
288
289
694
695
695
696
696
228
229
229
230
710
710
491
492
492
493
493
888
888
889
889
495
495
496
496
926
926
536
536
537
537
900
900
901
901
902
138
139
139
140
140
141
317
317
318
318
319
319
320
532
532
666
716
716
717
717
718
718
105
106
106
107
107
108
108
109
793
794
794
795
795
440
440
441
441
343
343
262
262
981
981
982
1008
1008
1009
1009
709
710
710
711
711
712
51
51
52
52
53
125
125
126
1015
1015
1016
1016
1017
1017
1018
657
657
967
967
118
118
444
444
781
781
572
572
553
553
978
978
843
843
379
379
316
316
317
317
318
318
319
83
703
704
704
705
705
706
706
293
293
370
370
578
578
579
579
580
580
581
581
244
244
190
190
191
191
192
192
193
193
194
484
484
948
948
949
862
862
863
836
836
58
58
59
59
354
354
653
653
918
918
114
114
115
115
116
116
117
239
239
240
240
610
610
571
571
572
572
573
573
574
507
709
709
37
38
952
952
953
569
570
570
571
571
786
786
787
787
22
22
22
22
23
23
24
648
648
680
680
1015
1016
1016
1017
1017
1018
1018
1019
334
334
755
755
756
756
757
757
758
758
759
209
210
210
211
211
212
212
213
949
949
950
950
951
951
990
991
991
122
122
123
123
656
657
657
658
658
659
659
660
591
382
382
383
383
384
384
385
385
647
648
648
649
649
650
650
651
663
663
730
730
624
625
625
626
626
627
627
628
628
684
7
8
8
9
9
511
511
959
959
731
732
732
733
733
734
734
662
662
786
786
987
987
988
988
989
989
990
990
4
4
640
640
641
641
642
642
800
800
582
582
121
121
620
620
705
705
560
561
561
562
562
563
580
580
544
545
545
546
546
547
974
975
975
976
580
580
581
581
582
313
313
543
543
984
984
985
985
986
686
686
144
144
145
145
182
272
272
173
174
174
175
175
176
176
177
177
1019
1019
1020
1020
966
966
202
203
203
204
204
205
205
311
311
312
19
20
793
793
528
190
190
191
191
192
192
193
193
458
458
317
318
318
319
319
320
320
321
101
101
102
102
103
103
104
928
929
929
930
930
931
674
675
675
676
676
677
677
289
290
290
291
300
300
221
221
1002
1002
287
287
130
131
131
132
132
133
297
297
516
516
517
517
518
518
519
627
627
628
628
629
986
986
987
630
630
631
631
632
632
633
633
277
277
359
359
999
999
1000
1000
494
494
618
780
780
781
781
782
782
783
783
947
898
898
899
899
900
900
107
107
108
108
109
109
316
317
317
507
507
508
508
690
691
691
692
692
693
693
694
285
284
284
285
285
286
898
898
738
738
739
739
740
740
761
761
53
54
54
55
55
56
56
193
194
40
618
618
619
619
620
620
681
682
682
683
683
888
888
646
646
644
644
295
295
296
296
297
443
443
1016
1016
1017
1017
729
729
498
498
499
499
500
500
501
994
995
995
996
996
442
443
443
221
221
222
164
164
165
473
473
474
474
475
475
1005
1006
1006
736
736
737
619
619
620
568
568
928
929
929
930
930
931
451
264
264
944
944
683
683
384
384
385
385
386
386
387
856
463
463
464
464
465
465
431
431
301
302
302
303
303
304
479
479
480
948
949
949
950
950
951
951
952
783
783
784
784
785
785
705
705
706
706
707
707
708
708
842
842
900
28
29
29
30
30
31
677
677
61
61
62
62
63
374
374
375
375
376
206
207
207
208
208
209
785
786
786
787
787
788
920
920
921
528
528
387
387
388
388
389
216
216
614
615
615
616
616
820
389
389
390
390
549
549
550
550
551
551
552
552
947
947
343
343
344
344
345
284
284
352
352
986
987
590
590
591
445
445
222
223
223
224
224
225
712
712
53
53
454
454
632
633
633
634
634
536
536
537
389
389
390
353
353
354
354
936
936
937
937
388
389
389
390
390
391
391
392
392
438
438
439
439
440
440
441
896
896
174
174
175
175
176
176
177
177
178
854
854
966
966
967
967
968
968
969
969
276
277
674
674
675
423
423
950
951
951
952
406
406
407
407
673
673
289
290
290
291
291
292
992
992
88
88
721
721
942
942
790
790
269
269
270
270
271
926
926
632
632
633
633
634
34
34
61
62
62
63
63
64
64
303
304
304
305
305
306
306
307
307
572
572
86
87
87
88
88
89
301
301
302
232
232
112
112
863
863
864
864
865
512
887
888
888
889
889
890
895
895
176
176
177
177
178
694
694
695
695
139
139
140
140
141
141
142
142
143
542
542
899
899
22
23
23
24
24
25
25
26
26
187
188
188
189
189
190
486
486
609
609
584
585
585
586
586
192
192
193
868
868
39
39
968
968
357
357
234
235
235
236
236
237
237
238
286
286
287
287
288
769
769
770
902
902
903
903
904
904
51
51
893
894
894
895
895
896
896
897
897
834
834
835
835
836
836
837
902
902
816
816
321
321
809
810
810
265
265
266
38
38
39
39
40
260
260
247
247
761
761
762
762
763
314
314
499
500
500
501
501
825
825
249
250
250
926
926
927
927
56
56
855
855
286
286
316
316
124
125
125
126
126
127
127
400
400
639
639
334
334
335
335
336
336
483
483
398
398
748
749
749
750
750
505
505
507
507
850
850
150
150
568
568
569
569
585
585
646
647
647
293
293
294
294
295
309
310
310
311
311
968
968
1017
1017
835
835
1008
1008
191
192
520
520
521
521
522
522
523
1003
1003
1004
1004
1005
1005
1006
950
950
840
841
841
842
842
843
843
844
902
902
66
67
67
68
68
69
69
97
97
98
98
99
99
100
100
101
116
116
617
617
625
625
191
191
799
799
800
800
801
608
608
564
565
565
566
566
567
567
830
118
118
244
244
812
812
813
813
437
437
352
352
353
353
354
354
355
355
98
98
99
99
100
100
101
182
183
441
441
572
572
573
573
574
574
575
575
667
667
311
311
617
617
620
568
568
569
569
544
545
545
546
546
946
740
740
741
741
742
742
743
751
751
121
122
122
698
698
699
197
197
198
198
199
582
582
665
665
667
667
710
711
711
712
712
82
83
83
84
84
85
85
702
210
210
211
211
212
212
213
213
570
571
571
572
572
384
385
385
386
386
185
186
186
562
994
994
995
995
528
528
646
647
647
648
328
328
329
903
903
904
904
905
905
906
373
373
77
78
518
518
519
519
638
638
626
626
626
626
627
627
628
799
800
800
801
801
802
483
483
484
484
485
485
323
28
29
29
30
30
31
814
815
815
816
816
817
817
818
588
588
589
589
590
21
21
22
22
23
23
636
636
637
637
638
1018
1018
1023
0
0
1
1
2
2
502
592
592
593
593
594
594
595
595
779
779
422
422
953
953
954
954
955
955
282
282
751
751
79
80
23
24
24
25
660
660
237
238
238
239
239
240
803
803
467
468
468
469
469
222
223
223
224
224
663
663
817
817
255
255
875
875
66
66
67
67
68
602
603
603
604
604
605
605
345
345
23
23
551
552
688
688
689
689
690
37
37
38
38
39
39
40
40
41
109
109
700
700
701
701
702
798
798
799
799
800
800
801
801
802
474
474
183
183
184
184
185
185
186
932
932
944
945
945
946
946
947
936
936
937
937
938
714
714
784
784
785
785
786
786
1013
1013
1014
1014
1015
1015
409
409
629
629
564
565
565
566
566
567
567
568
568
830
830
831
831
832
832
596
596
597
597
598
598
599
599
361
362
362
363
363
220
221
221
222
222
223
223
493
493
38
38
671
671
130
130
439
439
332
332
668
668
691
691
692
692
693
693
694
303
303
468
468
928
928
667
667
668
668
669
309
310
310
311
798
798
799
64
64
621
621
660
660
199
199
200
200
201
201
287
287
279
280
280
281
281
216
216
217
217
258
259
259
766
766
767
767
768
935
935
360
360
361
361
362
52
52
380
381
381
382
382
383
383
384
713
713
296
296
297
297
298
945
945
319
319
825
758
758
759
759
760
760
38
38
793
794
794
795
795
796
700
700
122
122
53
54
54
55
55
526
526
720
720
263
263
544
544
545
545
546
546
1002
1002
372
294
294
295
295
296
296
297
297
784
785
785
786
786
395
395
396
396
397
432
432
433
433
434
434
195
195
196
373
374
374
375
375
376
950
950
717
718
718
719
719
720
720
721
217
217
218
218
219
180
181
266
266
267
267
268
268
269
502
503
503
504
504
691
692
562
562
563
563
564
564
871
872
872
873
873
874
874
217
217
218
218
804
804
805
553
553
747
748
748
749
749
750
750
310
310
311
311
312
75
76
76
77
77
78
78
1000
1000
1001
1001
1002
1012
1012
1016
1016
1017
1017
1018
1018
1019
326
326
840
841
841
842
842
843
843
844
844
874
874
716
716
717
366
366
626
626
627
627
628
628
533
534
534
535
966
966
416
416
562
562
570
570
162
162
163
163
164
164
165
297
297
298
298
299
250
250
251
251
252
252
966
966
468
468
469
469
470
470
471
285
286
286
287
287
784
785
785
786
786
787
632
632
278
278
279
279
280
280
184
185
185
186
186
187
271
271
286
286
287
287
288
288
289
289
290
539
539
212
212
678
678
522
522
523
523
1016
51
52
52
53
53
54
54
76
76
563
563
564
564
734
734
735
159
159
160
160
161
924
1016
1016
840
840
841
841
842
842
843
691
691
323
323
324
324
910
910
911
911
454
454
530
530
441
442
442
443
443
444
444
445
180
5
5
190
191
191
192
192
193
888
888
889
889
890
890
594
594
595
109
109
506
506
507
507
508
508
509
509
291
291
905
906
906
907
792
792
793
793
932
932
933
238
239
239
240
240
241
216
217
217
218
218
219
219
220
220
291
291
292
292
293
906
906
907
907
808
359
359
360
360
361
854
854
607
608
608
609
609
610
610
968
895
896
896
897
897
898
898
391
391
1004
1004
1005
1005
1006
781
782
782
783
783
784
550
550
170
171
171
172
172
173
329
329
330
330
331
331
332
332
333
910
910
911
911
912
912
913
913
914
252
252
726
726
345
346
346
347
347
348
88
89
89
20
20
44
44
45
45
46
928
928
728
728
941
942
942
943
943
944
183
330
330
331
331
332
221
221
625
625
691
692
692
693
693
694
694
26
26
56
56
57
57
58
58
59
477
477
972
972
973
688
688
999
999
152
153
153
154
154
534
534
535
72
72
73
73
74
839
839
797
797
788
788
185
185
283
283
284
284
285
285
286
946
946
947
947
576
576
577
577
1002
1002
1003
1003
1004
326
326
327
327
328
367
224
224
324
324
732
732
89
90
90
91
91
92
92
817
817
249
250
530
530
531
869
869
943
943
471
472
472
228
228
229
229
230
230
300
300
212
212
562
562
563
563
564
64
64
601
601
602
602
603
603
604
604
605
759
759
760
760
761
522
522
523
523
524
524
426
427
427
428
428
429
696
696
365
365
366
366
626
626
627
627
628
258
258
399
399
400
210
210
211
259
260
260
261
261
660
661
661
662
662
663
104
712
712
713
713
4
5
5
6
6
285
285
286
286
287
287
888
888
160
161
161
162
162
163
163
511
511
939
939
215
215
216
216
996
996
178
178
82
82
354
880
880
881
881
882
1002
1002
1003
1003
1004
1004
1005
448
448
449
449
