340
340
39
39
289
290
290
220
220
364
364
10
10
176
176
177
177
178
178
179
179
180
438
438
439
439
440
440
441
441
123
124
124
483
483
484
484
485
259
260
260
261
261
262
262
272
273
273
274
274
275
336
336
337
337
338
338
339
339
151
151
152
152
202
202
203
230
230
344
345
345
346
346
416
416
417
417
418
123
124
124
125
125
126
126
204
205
493
493
403
403
419
419
325
325
248
248
249
249
250
250
251
238
238
43
487
487
488
488
144
144
145
145
146
37
37
38
440
440
441
441
442
8
9
9
10
10
11
148
148
149
248
249
249
250
250
282
283
283
325
325
326
326
327
327
291
292
292
293
293
294
294
295
508
508
391
392
392
393
393
437
437
438
472
472
464
464
465
465
466
466
236
187
187
124
125
125
102
102
103
103
106
106
316
317
317
318
318
319
319
320
146
146
138
138
357
357
358
471
471
472
472
291
291
164
164
244
244
57
57
58
58
59
59
60
60
364
364
365
365
366
231
231
328
328
329
329
330
330
331
249
249
41
42
42
43
43
44
124
124
501
342
342
343
343
148
149
149
150
150
151
16
17
17
18
18
19
19
20
20
313
313
117
118
118
119
119
120
120
61
62
94
94
122
122
460
460
461
152
152
187
187
261
261
262
262
490
490
491
491
502
502
44
45
45
46
46
47
56
56
30
30
70
70
71
71
72
72
392
392
436
278
278
279
279
280
280
12
12
13
13
14
191
192
192
193
179
179
337
337
338
338
339
339
340
340
341
363
82
83
83
84
84
85
85
86
198
198
199
199
200
200
201
201
202
123
123
124
124
125
125
126
126
324
324
328
328
329
329
134
213
214
214
215
215
216
286
286
267
267
325
325
256
492
492
493
493
494
39
40
364
364
365
72
72
396
396
213
214
214
215
215
179
179
180
180
181
181
408
357
4
4
5
5
6
6
7
321
322
322
323
323
12
12
13
13
280
280
479
480
480
481
481
475
476
476
477
477
478
478
254
255
255
256
351
351
352
352
353
382
383
383
384
384
363
364
364
365
365
85
190
190
191
191
192
192
193
193
220
221
142
142
143
143
144
356
357
357
358
358
359
359
360
195
196
196
13
14
14
15
15
16
475
475
424
424
82
82
461
461
246
246
268
268
269
269
270
270
271
432
432
433
433
434
432
433
433
434
434
435
114
114
115
115
116
116
117
117
118
92
93
93
94
94
95
95
370
252
252
253
253
254
254
255
124
124
336
337
337
338
338
339
394
394
372
372
373
373
374
374
375
311
311
40
40
130
130
120
120
121
121
294
294
129
129
96
96
134
135
135
136
136
137
137
138
138
31
31
32
32
33
436
437
437
438
438
439
61
62
62
63
63
64
387
388
388
389
389
390
192
193
193
194
194
195
195
196
196
490
491
491
492
388
388
389
91
91
191
192
192
193
13
14
14
15
283
283
191
191
192
192
126
493
493
465
466
402
402
403
403
198
198
199
200
200
201
201
389
389
298
298
299
299
260
260
261
261
262
208
208
390
391
391
392
392
393
196
196
17
17
18
18
19
19
20
20
376
376
377
377
378
378
218
218
109
109
256
257
257
258
258
259
259
260
260
11
11
12
12
13
13
14
14
45
45
497
497
117
214
215
215
216
216
217
217
136
136
108
108
175
175
504
504
326
326
327
327
328
507
507
305
305
325
325
326
326
327
327
328
313
313
314
90
91
91
380
380
274
275
275
276
276
277
277
278
278
6
6
71
71
72
280
280
281
281
480
481
481
482
482
483
483
484
217
217
137
138
138
139
139
140
421
422
422
423
423
424
219
220
220
221
221
222
222
223
223
47
47
23
23
66
66
388
389
389
390
390
391
391
135
135
31
31
33
236
236
237
237
238
238
239
239
319
319
320
320
464
464
114
114
263
263
264
264
265
265
266
266
305
306
306
307
307
308
308
287
18
19
19
20
20
20
85
85
340
340
341
341
342
342
343
343
344
168
168
169
169
170
170
297
297
510
511
511
0
0
1
1
2
2
209
210
210
211
246
388
389
389
390
390
391
210
210
204
205
205
90
90
11
458
458
459
459
402
403
403
404
404
405
405
406
406
391
391
392
392
393
393
394
505
506
506
507
507
508
508
420
420
421
421
422
60
60
297
298
298
299
299
300
300
241
242
242
243
243
244
244
245
375
375
178
178
179
179
180
180
331
331
152
153
153
154
154
155
155
156
156
155
156
156
157
157
378
378
492
493
493
494
494
194
194
216
444
444
445
445
446
446
491
491
12
12
329
329
287
287
336
336
337
337
338
338
339
339
340
133
133
89
89
440
440
264
264
265
265
87
87
88
88
253
254
254
255
255
256
256
257
257
153
154
154
202
202
210
210
211
211
212
212
213
46
46
31
31
210
210
2
3
3
238
238
239
239
240
191
191
466
466
43
43
337
337
274
275
275
276
276
277
32
32
65
65
66
66
67
25
26
26
27
425
425
426
426
427
427
215
215
216
124
125
125
126
126
127
198
198
199
199
200
204
204
205
443
444
444
356
356
357
357
414
415
415
416
416
417
417
418
418
418
418
419
419
264
486
486
369
369
106
106
107
107
108
108
500
500
480
480
481
481
482
482
483
336
337
337
338
338
89
90
90
91
91
127
127
209
209
64
65
65
66
238
285
285
260
260
261
261
146
146
86
86
432
432
83
83
87
88
88
89
89
90
90
91
167
167
423
423
250
250
54
54
322
322
86
86
87
87
88
51
51
322
323
323
324
324
325
325
211
212
364
364
365
365
366
366
367
4
5
5
6
6
7
7
269
269
270
32
32
33
116
116
117
117
118
152
152
272
273
273
50
50
259
260
260
261
261
341
341
311
311
312
312
220
220
445
445
285
285
447
447
259
260
260
261
261
262
39
503
503
164
482
482
483
483
484
484
485
55
55
56
56
57
57
195
195
496
496
420
421
421
422
422
423
423
56
56
509
509
295
295
183
183
370
371
371
372
372
272
272
273
118
118
119
119
120
120
121
121
122
109
110
110
111
111
269
269
53
53
165
166
166
167
414
414
415
320
320
464
464
465
465
466
466
467
38
38
39
39
40
40
41
73
73
57
58
58
59
323
323
324
324
178
179
179
180
180
181
181
192
192
505
505
123
123
124
124
125
125
341
341
486
486
331
331
482
482
337
338
401
401
402
402
403
403
290
290
291
291
292
263
264
264
265
265
266
266
267
267
302
302
96
96
165
165
166
166
167
414
66
67
67
68
68
315
315
222
222
223
223
224
224
480
481
481
406
406
407
407
408
490
490
459
459
392
392
393
393
273
273
274
274
126
126
130
130
131
131
132
132
133
204
204
246
246
445
445
217
217
264
264
265
265
266
266
267
267
268
407
407
453
453
454
454
455
455
235
235
31
32
32
33
33
66
66
235
235
199
199
200
200
201
201
202
202
54
231
231
298
298
68
69
69
70
70
71
71
72
72
30
30
196
196
424
425
425
426
426
427
85
85
198
198
352
353
0
0
1
1
2
290
291
199
200
200
201
201
202
202
58
58
476
476
477
477
357
357
292
292
54
55
345
345
346
346
347
347
348
111
112
112
113
113
239
240
240
346
346
347
347
348
154
154
220
220
221
221
222
222
397
397
89
89
90
90
91
91
416
416
417
134
134
66
66
67
67
68
68
69
38
38
37
136
136
137
137
138
435
435
436
436
437
437
215
215
216
216
217
217
218
30
431
431
407
407
408
408
409
503
503
308
308
309
309
310
310
311
311
349
349
455
455
439
440
440
441
441
364
364
43
44
44
45
45
191
191
192
192
193
193
194
194
200
274
274
47
47
365
365
294
294
476
476
326
326
327
327
328
328
329
329
21
21
22
108
108
109
109
127
127
128
242
242
243
243
244
393
393
253
254
254
255
255
256
428
429
429
430
430
362
362
363
363
364
364
488
118
119
119
120
120
121
121
122
99
99
482
482
142
142
264
264
383
383
437
438
438
439
439
440
505
505
506
506
507
7
8
8
9
9
448
448
449
449
450
450
388
388
461
461
317
317
325
325
282
282
283
283
284
284
285
284
468
468
215
215
330
331
331
332
332
44
45
45
358
358
359
359
360
0
0
1
1
2
2
314
294
294
68
68
136
137
137
138
138
139
139
475
475
361
361
422
422
303
303
304
304
315
315
316
316
283
283
87
87
451
451
409
409
410
410
411
32
285
285
286
286
287
287
468
469
469
470
470
471
471
396
396
407
408
408
409
409
410
410
411
411
495
495
496
496
497
158
158
349
349
52
222
222
223
223
224
224
225
96
96
480
481
481
482
482
386
386
387
387
388
388
389
458
458
433
433
434
146
146
403
403
404
404
405
405
150
150
46
46
497
498
400
400
401
23
23
321
321
425
425
426
426
188
207
207
208
208
209
209
466
466
101
101
102
102
103
103
104
104
179
179
180
180
181
104
104
105
105
106
106
426
426
427
427
428
428
429
478
478
479
479
480
480
481
481
374
134
134
213
214
214
215
215
216
216
217
217
504
505
505
506
506
464
464
465
465
267
267
500
500
508
508
509
112
112
113
113
364
365
365
152
152
388
388
28
267
267
268
268
466
467
467
468
468
469
280
281
281
282
282
283
283
284
123
123
203
203
204
204
180
453
453
454
454
455
455
456
456
219
219
220
220
221
221
222
222
223
243
244
244
245
245
111
111
112
112
335
335
336
138
138
139
139
140
140
431
431
215
216
216
217
217
218
218
219
219
51
51
52
52
53
416
416
417
451
451
94
94
367
367
206
124
124
125
125
317
317
29
30
30
31
31
32
32
33
33
340
341
341
342
342
343
343
256
462
462
290
291
291
292
63
63
64
64
455
456
456
457
457
458
85
86
86
87
87
88
167
168
168
169
169
170
170
171
171
150
151
151
152
152
86
86
87
500
501
501
502
502
270
271
271
272
272
273
273
99
99
238
238
198
198
199
199
411
411
412
412
489
489
420
420
421
421
422
431
431
432
432
433
433
434
167
167
369
369
311
311
88
88
113
113
318
318
247
248
248
0
1
76
392
392
393
393
394
394
395
332
333
333
244
244
245
245
246
246
167
167
168
168
169
169
363
239
239
186
187
187
188
188
189
441
442
442
443
443
444
444
445
96
97
97
127
128
128
188
188
216
216
217
217
20
184
184
185
185
186
186
326
326
327
362
362
363
363
364
364
365
365
366
418
419
51
51
52
411
411
64
64
167
167
155
155
182
183
380
380
381
381
20
20
406
406
5
5
58
58
162
162
163
163
164
164
165
416
416
450
451
451
452
452
453
453
454
454
458
458
109
110
110
111
111
88
88
89
89
449
450
450
451
451
295
491
491
492
492
217
217
218
218
219
219
81
81
8
90
90
91
91
92
92
376
376
163
163
374
375
375
376
376
377
10
10
323
323
468
118
118
119
119
120
120
22
444
444
445
445
223
223
205
205
345
346
346
347
490
406
406
22
22
398
398
320
320
388
389
389
390
390
391
391
392
239
24
24
18
19
19
20
20
21
11
376
376
377
377
378
378
379
379
245
246
246
247
247
248
248
329
330
330
331
331
332
486
486
487
91
92
92
93
93
94
103
104
104
105
451
451
452
452
481
481
482
482
483
508
493
493
494
494
495
495
496
496
16
16
183
183
185
186
186
187
187
117
117
118
118
119
119
84
84
500
500
501
501
502
46
47
47
48
48
368
368
369
369
483
483
484
484
485
23
23
81
82
82
83
83
84
84
150
33
34
34
35
35
392
392
433
433
173
468
468
469
469
470
232
232
233
233
234
234
105
105
343
343
390
10
10
11
11
12
12
13
274
275
275
440
440
441
441
286
287
287
288
288
289
182
183
183
184
184
228
229
229
230
198
198
491
492
492
493
493
376
376
377
377
495
495
496
496
414
414
24
24
25
25
388
388
389
389
390
138
139
139
140
140
141
317
317
318
318
319
319
320
20
20
154
204
204
205
205
206
206
105
106
106
107
107
108
108
109
281
282
282
283
283
440
440
441
441
343
343
262
262
469
469
470
496
496
497
497
197
198
198
199
199
200
51
51
52
52
53
125
125
126
503
503
504
504
505
505
506
145
145
455
455
118
118
444
444
269
269
60
60
41
41
466
466
331
331
379
379
316
316
317
317
318
318
319
83
191
192
192
193
193
194
194
293
293
370
370
66
66
67
67
68
68
69
69
244
244
190
190
191
191
192
192
193
193
194
484
484
436
436
437
350
350
351
324
324
58
58
59
59
354
354
141
141
406
406
114
114
115
115
116
116
117
239
239
240
240
98
98
59
59
60
60
61
61
62
507
197
197
37
38
440
440
441
57
58
58
59
59
274
274
275
275
22
22
22
22
23
23
24
136
136
168
168
503
504
504
505
505
506
506
507
334
334
243
243
244
244
245
245
246
246
247
209
210
210
211
211
212
212
213
437
437
438
438
439
439
478
479
479
122
122
123
123
144
145
145
146
146
147
147
148
79
382
382
383
383
384
384
385
385
135
136
136
137
137
138
138
139
151
151
218
218
112
113
113
114
114
115
115
116
116
172
7
8
8
9
9
511
511
447
447
219
220
220
221
221
222
222
150
150
274
274
475
475
476
476
477
477
478
478
4
4
128
128
129
129
130
130
288
288
70
70
121
121
108
108
193
193
48
49
49
50
50
51
68
68
32
33
33
34
34
35
462
463
463
464
68
68
69
69
70
313
313
31
31
472
472
473
473
474
174
174
144
144
145
145
182
272
272
173
174
174
175
175
176
176
177
177
507
507
508
508
454
454
202
203
203
204
204
205
205
311
311
312
19
20
281
281
16
190
190
191
191
192
192
193
193
458
458
317
318
318
319
319
320
320
321
101
101
102
102
103
103
104
416
417
417
418
418
419
162
163
163
164
164
165
165
289
290
290
291
300
300
221
221
490
490
287
287
130
131
131
132
132
133
297
297
4
4
5
5
6
6
7
115
115
116
116
117
474
474
475
118
118
119
119
120
120
121
121
277
277
359
359
487
487
488
488
494
494
106
268
268
269
269
270
270
271
271
435
386
386
387
387
388
388
107
107
108
108
109
109
316
317
317
507
507
508
508
178
179
179
180
180
181
181
182
285
284
284
285
285
286
386
386
226
226
227
227
228
228
249
249
53
54
54
55
55
56
56
193
194
40
106
106
107
107
108
108
169
170
170
171
171
376
376
134
134
132
132
295
295
296
296
297
443
443
504
504
505
505
217
217
498
498
499
499
500
500
501
482
483
483
484
484
442
443
443
221
221
222
164
164
165
473
473
474
474
475
475
493
494
494
224
224
225
107
107
108
56
56
416
417
417
418
418
419
451
264
264
432
432
171
171
384
384
385
385
386
386
387
344
463
463
464
464
465
465
431
431
301
302
302
303
303
304
479
479
480
436
437
437
438
438
439
439
440
271
271
272
272
273
273
193
193
194
194
195
195
196
196
330
330
388
28
29
29
30
30
31
165
165
61
61
62
62
63
374
374
375
375
376
206
207
207
208
208
209
273
274
274
275
275
276
408
408
409
16
16
387
387
388
388
389
216
216
102
103
103
104
104
308
389
389
390
390
37
37
38
38
39
39
40
40
435
435
343
343
344
344
345
284
284
352
352
474
475
78
78
79
445
445
222
223
223
224
224
225
200
200
53
53
454
454
120
121
121
122
122
24
24
25
389
389
390
353
353
354
354
424
424
425
425
388
389
389
390
390
391
391
392
392
438
438
439
439
440
440
441
384
384
174
174
175
175
176
176
177
177
178
342
342
454
454
455
455
456
456
457
457
276
277
162
162
163
423
423
438
439
439
440
406
406
407
407
161
161
289
290
290
291
291
292
480
480
88
88
209
209
430
430
278
278
269
269
270
270
271
414
414
120
120
121
121
122
34
34
61
62
62
63
63
64
64
303
304
304
305
305
306
306
307
307
60
60
86
87
87
88
88
89
301
301
302
232
232
112
112
351
351
352
352
353
0
375
376
376
377
377
378
383
383
176
176
177
177
178
182
182
183
183
139
139
140
140
141
141
142
142
143
30
30
387
387
22
23
23
24
24
25
25
26
26
187
188
188
189
189
190
486
486
97
97
72
73
73
74
74
192
192
193
356
356
39
39
456
456
357
357
234
235
235
236
236
237
237
238
286
286
287
287
288
257
257
258
390
390
391
391
392
392
51
51
381
382
382
383
383
384
384
385
385
322
322
323
323
324
324
325
390
390
304
304
321
321
297
298
298
265
265
266
38
38
39
39
40
260
260
247
247
249
249
250
250
251
314
314
499
500
500
501
501
313
313
249
250
250
414
414
415
415
56
56
343
343
286
286
316
316
124
125
125
126
126
127
127
400
400
127
127
334
334
335
335
336
336
483
483
398
398
236
237
237
238
238
505
505
507
507
338
338
150
150
56
56
57
57
73
73
134
135
135
293
293
294
294
295
309
310
310
311
311
456
456
505
505
323
323
496
496
191
192
8
8
9
9
10
10
11
491
491
492
492
493
493
494
438
438
328
329
329
330
330
331
331
332
390
390
66
67
67
68
68
69
69
97
97
98
98
99
99
100
100
101
116
116
105
105
113
113
191
191
287
287
288
288
289
96
96
52
53
53
54
54
55
55
318
118
118
244
244
300
300
301
301
437
437
352
352
353
353
354
354
355
355
98
98
99
99
100
100
101
182
183
441
441
60
60
61
61
62
62
63
63
155
155
311
311
105
105
108
56
56
57
57
32
33
33
34
34
434
228
228
229
229
230
230
231
239
239
121
122
122
186
186
187
197
197
198
198
199
70
70
153
153
155
155
198
199
199
200
200
82
83
83
84
84
85
85
190
210
210
211
211
212
212
213
213
58
59
59
60
60
384
385
385
386
386
185
186
186
50
482
482
483
483
16
16
134
135
135
136
328
328
329
391
391
392
392
393
393
394
373
373
77
78
6
6
7
7
126
126
114
114
114
114
115
115
116
287
288
288
289
289
290
483
483
484
484
485
485
323
28
29
29
30
30
31
302
303
303
304
304
305
305
306
76
76
77
77
78
21
21
22
22
23
23
124
124
125
125
126
506
506
511
0
0
1
1
2
2
502
80
80
81
81
82
82
83
83
267
267
422
422
441
441
442
442
443
443
282
282
239
239
79
80
23
24
24
25
148
148
237
238
238
239
239
240
291
291
467
468
468
469
469
222
223
223
224
224
151
151
305
305
255
255
363
363
66
66
67
67
68
90
91
91
92
92
93
93
345
345
23
23
39
40
176
176
177
177
178
37
37
38
38
39
39
40
40
41
109
109
188
188
189
189
190
286
286
287
287
288
288
289
289
290
474
474
183
183
184
184
185
185
186
420
420
432
433
433
434
434
435
424
424
425
425
426
202
202
272
272
273
273
274
274
501
501
502
502
503
503
409
409
117
117
52
53
53
54
54
55
55
56
56
318
318
319
319
320
320
84
84
85
85
86
86
87
87
361
362
362
363
363
220
221
221
222
222
223
223
493
493
38
38
159
159
130
130
439
439
332
332
156
156
179
179
180
180
181
181
182
303
303
468
468
416
416
155
155
156
156
157
309
310
310
311
286
286
287
64
64
109
109
148
148
199
199
200
200
201
201
287
287
279
280
280
281
281
216
216
217
217
258
259
259
254
254
255
255
256
423
423
360
360
361
361
362
52
52
380
381
381
382
382
383
383
384
201
201
296
296
297
297
298
433
433
319
319
313
246
246
247
247
248
248
38
38
281
282
282
283
283
284
188
188
122
122
53
54
54
55
55
14
14
208
208
263
263
32
32
33
33
34
34
490
490
372
294
294
295
295
296
296
297
297
272
273
273
274
274
395
395
396
396
397
432
432
433
433
434
434
195
195
196
373
374
374
375
375
376
438
438
205
206
206
207
207
208
208
209
217
217
218
218
219
180
181
266
266
267
267
268
268
269
502
503
503
504
504
179
180
50
50
51
51
52
52
359
360
360
361
361
362
362
217
217
218
218
292
292
293
41
41
235
236
236
237
237
238
238
310
310
311
311
312
75
76
76
77
77
78
78
488
488
489
489
490
500
500
504
504
505
505
506
506
507
326
326
328
329
329
330
330
331
331
332
332
362
362
204
204
205
366
366
114
114
115
115
116
116
21
22
22
23
454
454
416
416
50
50
58
58
162
162
163
163
164
164
165
297
297
298
298
299
250
250
251
251
252
252
454
454
468
468
469
469
470
470
471
285
286
286
287
287
272
273
273
274
274
275
120
120
278
278
279
279
280
280
184
185
185
186
186
187
271
271
286
286
287
287
288
288
289
289
290
27
27
212
212
166
166
10
10
11
11
504
51
52
52
53
53
54
54
76
76
51
51
52
52
222
222
223
159
159
160
160
161
412
504
504
328
328
329
329
330
330
331
179
179
323
323
324
324
398
398
399
399
454
454
18
18
441
442
442
443
443
444
444
445
180
5
5
190
191
191
192
192
193
376
376
377
377
378
378
82
82
83
109
109
506
506
507
507
508
508
509
509
291
291
393
394
394
395
280
280
281
281
420
420
421
238
239
239
240
240
241
216
217
217
218
218
219
219
220
220
291
291
292
292
293
394
394
395
395
296
359
359
360
360
361
342
342
95
96
96
97
97
98
98
456
383
384
384
385
385
386
386
391
391
492
492
493
493
494
269
270
270
271
271
272
38
38
170
171
171
172
172
173
329
329
330
330
331
331
332
332
333
398
398
399
399
400
400
401
401
402
252
252
214
214
345
346
346
347
347
348
88
89
89
20
20
44
44
45
45
46
416
416
216
216
429
430
430
431
431
432
183
330
330
331
331
332
221
221
113
113
179
180
180
181
181
182
182
26
26
56
56
57
57
58
58
59
477
477
460
460
461
176
176
487
487
152
153
153
154
154
22
22
23
72
72
73
73
74
327
327
285
285
276
276
185
185
283
283
284
284
285
285
286
434
434
435
435
64
64
65
65
490
490
491
491
492
326
326
327
327
328
367
224
224
324
324
220
220
89
90
90
91
91
92
92
305
305
249
250
18
18
19
357
357
431
431
471
472
472
228
228
229
229
230
230
300
300
212
212
50
50
51
51
52
64
64
89
89
90
90
91
91
92
92
93
247
247
248
248
249
10
10
11
11
12
12
426
427
427
428
428
429
184
184
365
365
366
366
114
114
115
115
116
258
258
399
399
400
210
210
211
259
260
260
261
261
148
149
149
150
150
151
104
200
200
201
201
4
5
5
6
6
285
285
286
286
287
287
376
376
160
161
161
162
162
163
163
511
511
427
427
215
215
216
216
484
484
178
178
82
82
354
368
368
369
369
370
490
490
491
491
492
492
493
448
448
449
449
